2088
2072
2068
2070
2070
2070
2069
2069
2067
2065
2075
2074
2080
2074
2074
2074
2074
2074
2073
2065
2071
2063
2065
2067
2072
2103
2073
2073
2077
2082
2072
2087
2081
2075
2072
2075
2072
2071
2065
2071
2065
2079
2079
2080
2080
2080
2079
2073
2072
2073
2073
2074
2072
2064
2065
2066
2065
2075
2080
2082
2079
2074
2073
2072
2080
2080
2078
2075
2072
2072
2079
2079
2065
2064
2065
2067
2071
2071
2071
2076
2073
2075
2072
2078
2067
2067
2063
2065
2091
2064
2068
2064
2064
2072
2073
2071
2072
2072
2071
2077
2079
2121
2080
2065
2067
2064
2065
2065
2065
2070
2065
2071
2079
2065
2066
2072
