2104
2074
2072
2081
2079
2084
2063
2064
2065
2066
2066
2065
2071
2070
2074
2073
2066
2072
2071
2074
2074
2072
2073
2075
2067
2065
2080
2063
2073
2077
2075
2068
2066
2066
2066
2071
2067
2066
2065
2064
2067
2067
2065
2069
2064
2077
2072
2074
2074
2073
2078
2080
2078
2081
2072
2072
2071
2076
2076
2074
2078
2073
2076
2072
2073
2078
2073
2067
2068
2068
2072
2072
2073
2072
2065
2072
2071
2079
2081
2065
2074
2072
2067
2066
2079
2078
2082
2079
2098
2081
2074
2072
2079
2064
2067
2065
2065
2077
2064
2064
2074
2073
2075
2078
2085
2086
2072
2074
2083
2073
2074
2072
2074
2072
2077
2093
2074
2079
2082
2078
2094
2066
2082
2065
2081
2079
2079
2080
2067
2067
2067
