4218
4226
4233
2094
2093
2107
2152
2096
2104
4215
4243
2087
2090
4203
2105
4202
2093
2104
2095
2092
2086
2091
2090
2124
2087
4187
8372
2093
4216
2086
2117
2104
2109
4187
2097
2113
4199
4177
2099
4231
6332
4236
2123
2110
2118
2106
2115
2099
4191
2097
2095
2101
2097
2113
2102
2114
2094
2100
2104
2095
4182
2087
2092
4188
2098
4232
2119
2115
2104
2098
2103
4210
4199
2104
2092
4182
2122
4231
2093
4207
2102
2088
2090
2086
2097
2103
2105
2105
2104
4193
2093
6276
4208
4217
2088
4183
2137
2107
2115
2114
2125
2115
2108
2110
2114
2091
2109
2087
4187
2112
2091
2110
2110
2095
2094
2092
2115
2086
2097
4183
2087
2093
2119
2106
2103
4184
4182
2126
2097
2087
2093
2100
2116
2109
2109
2133
2111
2092
2089
2086
4215
2113
4213
2096
4231
2110
2099
6323
2099
2097
2104
2094
2092
2096
2097
2104
2104
2103
2101
2097
2105
2094
4180
2091
2095
2103
4180
6283
4183
2087
4207
2113
2109
2137
2102
2103
2103
2095
