2128
2118
2116
2108
2111
2130
2101
4197
2110
4217
4211
2110
2092
4174
2095
2122
2096
4199
2103
2105
2105
2099
2110
8435
2109
2115
2091
4178
2099
2106
4252
2113
2107
2124
4183
2107
2110
4232
2115
2096
4202
6298
4226
2115
2137
2110
2123
2093
2089
2103
2097
2104
2105
2116
2118
2122
4202
2148
2118
6340
2117
2117
2126
2101
2116
2101
2104
2115
2097
2106
2104
2129
2108
2103
2103
2100
2092
2087
4179
4196
4192
4207
2103
2085
2103
6275
2088
2089
