1536326995.159027
1536326997.161494
1536326999.163666
1536327001.165803
1536327003.167887
1536327005.169944
1536327007.171919
1536327009.174683
1536327011.176838
1536327013.178834
1536327015.181508
1536327017.183629
1536327019.185630
1536327021.187771
1536327023.189746
1536327025.191862
1536327027.194353
1536327029.198957
1536327031.201107
1536327033.203247
1536327035.205395
1536327037.207535
1536327039.209672
1536327041.211849
1536327043.213963
1536327045.216453
1536327047.221438
1536327049.223555
1536327051.225875
1536327053.228375
1536327055.230490
1536327057.232531
1536327059.235232
1536327061.237203
1536327063.239635
1536327065.243703
1536327067.245690
1536327069.247682
1536327071.249865
1536327073.251965
1536327075.254389
1536327077.256821
1536327079.258849
1536327081.260998
1536327083.262941
1536327085.265060
1536327087.267068
1536327089.269174
1536327091.271222
1536327093.273313
1536327095.275273
1536327097.277442
1536327099.279571
1536327101.281712
1536327103.283889
1536327105.286060
1536327107.288254
1536327109.290228
1536327111.308875
1536327113.327400
1536327115.487224
1536327117.489397
1536327119.492805
1536327121.495141
1536327123.497257
1536327125.499371
1536327127.501560
1536327129.503681
1536327131.505819
1536327133.507805
1536327135.509933
1536327137.514446
1536327139.516448
1536327141.518358
1536327143.520534
1536327145.522555
1536327147.524699
1536327149.526888
1536327151.529279
1536327153.531250
1536327155.533348
1536327157.535679
1536327159.537645
1536327161.539802
1536327163.541958
1536327165.544145
1536327167.546142
1536327169.548187
1536327171.550323
1536327173.552679
1536327175.554862
1536327177.556984
1536327179.559342
1536327181.561445
1536327183.563262
1536327185.567914
1536327187.570382
1536327189.572506
1536327191.574706
1536327193.577451
