1536274219.264396
1536274223.291001
1536274225.293066
1536274227.295108
1536274229.297066
1536274231.299946
1536274233.302151
1536274235.305876
1536274237.308046
1536274239.310147
1536274241.326682
1536274243.329208
1536274245.331624
1536274247.333696
1536274249.335820
1536274251.337925
1536274253.339888
1536274255.342266
1536274257.344285
1536274259.346404
1536274261.348493
1536274263.350781
1536274265.352731
1536274267.356066
1536274269.359031
1536274271.361597
1536274273.363711
1536274275.365567
1536274277.367663
1536274279.369476
1536274281.371353
1536274283.373285
1536274285.375239
1536274287.377219
1536274289.379362
1536274291.381494
1536274293.384093
1536274295.386176
1536274297.388357
1536274299.390520
1536274301.392643
1536274303.394614
1536274305.396560
1536274307.398515
1536274309.400468
1536274311.402424
1536274313.404561
1536274315.407319
1536274317.409380
1536274319.411457
1536274321.427204
1536274323.429418
1536274325.431727
1536274327.433850
1536274329.435883
1536274331.438651
1536274333.440588
1536274335.442538
1536274337.444530
1536274339.447590
1536274341.450084
1536274343.452181
1536274345.454338
1536274347.456454
1536274349.459174
1536274351.493114
1536274353.495212
1536274355.497724
1536274357.499883
1536274359.501871
1536274361.504605
1536274363.506712
1536274365.508792
1536274367.511392
1536274369.513505
1536274371.515496
1536274373.518328
1536274375.520315
1536274377.522310
1536274379.524933
1536274381.527033
1536274383.529247
1536274385.543452
1536274387.545980
1536274389.548092
1536274391.550205
1536274393.552378
1536274395.554537
1536274397.556636
1536274399.558621
1536274401.560562
1536274403.562676
1536274405.565263
1536274407.567270
1536274409.569430
1536274411.572225
1536274413.574196
1536274415.576364
1536274417.579802
1536274419.581788
