1536274221.290682
1536274223.292882
1536274225.294845
1536274227.296801
1536274229.299685
1536274231.301861
1536274233.305612
1536274235.307780
1536274237.309880
1536274239.326417
1536274241.328946
1536274243.331359
1536274245.333461
1536274247.335556
1536274249.337659
1536274251.339624
1536274253.342001
1536274255.344021
1536274257.346138
1536274259.348234
1536274261.350513
1536274263.352467
1536274265.355804
1536274267.358759
1536274269.361338
1536274271.363445
1536274273.365413
1536274275.367396
1536274277.369364
1536274279.371095
1536274281.373132
1536274283.374973
1536274285.376968
1536274287.379098
1536274289.381219
1536274291.383828
1536274293.385924
1536274295.388091
1536274297.390255
1536274299.392379
1536274301.394348
1536274303.396296
1536274305.398262
1536274307.400202
1536274309.402160
1536274311.404295
1536274313.407055
1536274315.409116
1536274317.411194
1536274319.426939
1536274321.429106
1536274323.431464
1536274325.433562
1536274327.435617
1536274329.438383
1536274331.440321
1536274333.442274
1536274335.444382
1536274337.447327
1536274339.449818
1536274341.451916
1536274343.454072
1536274345.456189
1536274347.458895
1536274349.492943
1536274351.494948
1536274353.497461
1536274355.499617
1536274357.501606
1536274359.504341
1536274361.506455
1536274363.508540
1536274365.511133
1536274367.513240
1536274369.515210
1536274371.518062
1536274373.520056
1536274375.522044
1536274377.524669
1536274379.526768
1536274381.528996
1536274383.543189
1536274385.545713
1536274387.547826
1536274389.549947
1536274391.552091
1536274393.554273
1536274395.556382
1536274397.558366
1536274399.560296
1536274401.562410
1536274403.564997
1536274405.567009
1536274407.569162
1536274409.571959
1536274411.573930
1536274413.576100
1536274415.579538
1536274417.581523
1536274419.583608
