1536326113.938772
1536326115.940965
1536326117.942926
1536326119.945650
1536326121.947844
1536326123.949982
1536326125.951983
1536326127.954136
1536326129.956284
1536326131.958270
1536326133.960288
1536326135.962334
1536326137.964426
1536326139.966565
1536326141.968735
1536326143.970859
1536326145.975018
1536326147.977052
1536326149.979106
1536326151.984671
1536326154.071179
1536326156.073200
1536326158.075315
1536326160.077322
1536326162.079431
1536326164.081627
1536326166.083740
1536326168.085869
1536326170.087847
1536326172.089856
1536326174.091997
1536326176.094124
1536326178.096283
1536326180.098442
1536326182.100569
1536326184.102771
1536326186.105031
1536326188.107040
1536326190.111115
1536326192.113255
1536326194.115443
1536326196.118935
1536326198.121070
1536326200.123211
1536326202.125347
1536326204.127342
1536326206.129464
1536326208.133454
1536326210.135575
1536326212.137581
1536326214.140755
1536326216.142896
1536326218.144847
1536326220.146878
1536326222.149028
1536326224.151166
1536326226.155331
1536326228.157684
1536326230.159646
1536326232.163765
1536326234.165768
1536326236.167879
1536326238.169850
1536326240.171964
1536326242.174126
1536326244.178193
1536326246.180387
1536326248.182566
1536326250.186811
1536326252.188972
1536326254.190871
1536326256.192854
1536326258.194877
1536326260.197479
1536326262.202340
1536326264.204548
1536326266.206518
1536326268.210019
1536326270.212179
1536326272.280433
1536326274.439058
1536326276.441040
1536326278.443280
1536326280.445413
1536326282.447541
1536326284.449681
1536326286.451823
1536326288.453960
1536326290.456509
1536326292.458707
1536326294.460728
1536326296.462906
1536326298.465037
1536326300.468419
1536326302.470299
1536326304.472461
1536326306.474898
1536326308.478376
1536326310.480525
1536326312.482703
