1536326992.030208
1536326997.159340
1536326999.161739
1536327001.163934
1536327003.166054
1536327005.168156
1536327007.170212
1536327009.172189
1536327011.174951
1536327013.177066
1536327015.179103
1536327017.181775
1536327019.183897
1536327021.185892
1536327023.188040
1536327025.190014
1536327027.192132
1536327029.194678
1536327031.199226
1536327033.201375
1536327035.203510
1536327037.205663
1536327039.207798
1536327041.209938
1536327043.212118
1536327045.214229
1536327047.216724
1536327049.221676
1536327051.223822
1536327053.226143
1536327055.228644
1536327057.230743
1536327059.232799
1536327061.235500
1536327063.237360
1536327065.239903
1536327067.243968
1536327069.245955
1536327071.247947
1536327073.250133
1536327075.252232
1536327077.254657
1536327079.257091
1536327081.259118
1536327083.261266
1536327085.263207
1536327087.265328
1536327089.267334
1536327091.269412
1536327093.271483
1536327095.273581
1536327097.275526
1536327099.277709
1536327101.279834
1536327103.281979
1536327105.284155
1536327107.286330
1536327109.288520
1536327111.290498
1536327113.309142
1536327115.327588
1536327117.487509
1536327119.489659
1536327121.493075
1536327123.495409
1536327125.497524
1536327127.499633
1536327129.501828
1536327131.503951
1536327133.506088
1536327135.508069
1536327137.510200
1536327139.514717
1536327141.516645
1536327143.518684
1536327145.520804
1536327147.522825
1536327149.524960
1536327151.527157
1536327153.529546
1536327155.531520
1536327157.533612
1536327159.535933
1536327161.537935
1536327163.540070
1536327165.542222
1536327167.544413
1536327169.546412
1536327171.548454
1536327173.550583
1536327175.552949
1536327177.555108
1536327179.557251
1536327181.559609
1536327183.561712
1536327185.563530
1536327187.568181
1536327189.570650
1536327191.572774
1536327193.574973
