1536326111.935790
1536326115.939090
1536326117.941123
1536326119.943196
1536326121.945919
1536326123.948111
1536326125.950244
1536326127.952273
1536326129.954406
1536326131.956553
1536326133.958470
1536326135.960555
1536326137.962661
1536326139.964693
1536326141.966832
1536326143.969001
1536326145.971127
1536326147.975284
1536326149.977341
1536326151.979374
1536326153.984813
1536326156.071446
1536326158.073466
1536326160.075582
1536326162.077585
1536326164.079721
1536326166.081897
1536326168.084009
1536326170.086136
1536326172.087979
1536326174.090122
1536326176.092252
1536326178.094445
1536326180.096552
1536326182.098712
1536326184.100832
1536326186.103061
1536326188.105298
1536326190.107308
1536326192.111383
1536326194.113523
1536326196.115710
1536326198.119204
1536326200.121333
1536326202.123480
1536326204.125615
1536326206.127611
1536326208.129731
1536326210.133721
1536326212.135734
1536326214.137844
1536326216.141021
1536326218.143148
1536326220.145107
1536326222.147148
1536326224.149295
1536326226.151432
1536326228.155602
1536326230.157951
1536326232.159915
1536326234.164033
1536326236.166021
1536326238.168149
1536326240.170118
1536326242.172231
1536326244.174392
1536326246.178462
1536326248.180657
1536326250.182834
1536326252.187078
1536326254.189113
1536326256.191138
1536326258.193122
1536326260.195144
1536326262.197740
1536326264.202662
1536326266.204817
1536326268.206674
1536326270.210287
1536326272.212446
1536326274.280685
1536326276.439325
1536326278.441308
1536326280.443548
1536326282.445677
1536326284.447809
1536326286.449948
1536326288.452092
1536326290.454230
1536326292.456665
1536326294.458973
1536326296.460996
1536326298.463175
1536326300.465306
1536326302.468575
1536326304.470568
1536326306.472728
1536326308.475167
1536326310.478639
1536326312.480793
